0.0039131846297128054
0.7688940715831211
0.8026610975166136
0.3250659617246436
0.3836187060846103
0.4795931640451742
0.522308107243063
0.43235843415947556
0.6482029183060876
0.3464479704138115
0.7510387449297303
0.7081860339772823
0.48267305618276496
0.28605526373072304
0.7308175222626038
0.8500966675812829
0.5746920386211444
0.8490931055737162
0.7078253774474493
0.4211187592805916
0.7429872289034478
0.3863561802480166
0.48832142841458387
0.2182473639111255
0.08344525428649283
0.4643887930849515
0.9824453787796411
0.9594811494273512
0.9996784254907064
0.5952972223028994
0.160415244829103
0.09901984273410395
0.22649683208507337
0.7322568538283263
0.04094229267954002
0.11711306502908145
0.31928394377198255
0.20524297571053868
0.5186927670234315
0.669335362813126
0.5194428002086667
0.27514310706180667
0.3302003877843732
0.6779174919603008
0.7592873767760058
0.3429414743291873
0.8173590506507824
0.3535642877004874
0.3549833820923154
0.20570282554519495
0.24738893809141077
0.8658825023406569
0.8872168394211758
0.45342015170185834
0.6324896531330839
0.25360020774118613
0.2586915061151104
0.8281432766598386
0.6040508219059794
0.28216377379473473
0.32654616810686243
0.26144737203672874
0.1459818212995221
0.5164705810679452
0.32105600895409286
0.9883424914387718
0.07225361143809446
0.3664474400535447
0.8821249799254001
0.8745376061995224
0.3535473953716212
0.07107401083739195
0.5409001440465917
0.9087209910660614
0.8736968472943161
0.22291247557052993
0.48997691389637854
0.04199185643437871
0.7571310926029138
0.10227337717184488
0.9086501271969872
0.682687799764186
0.9338506366749529
0.22765059593489886
0.12356587784530869
0.7717089461030946
0.11225715471071059
0.7059992229128252
0.7289394958545172
0.28610682687075195
0.5974392167280611
0.16091554852245168
0.5076240168454237
0.6368511210367321
0.5567912643574138
0.9907800550529641
0.04038527516666114
0.7553197260737977
0.6586361223173496
0.697307787694646
0.6519877839144262
0.958684249761833
0.6061857471271351
0.16385196576074323
0.8599885408114588
0.8274054181889656
0.2028635019449813
0.5268771893004315
0.22492057235209298
0.2400595216267088
0.6803799800949077
0.1463254551153283
0.29192412332255585
0.368740682196217
0.42464567181870605
0.0198062569926522
0.8837612755055358
0.3757574215418461
0.35498385380719966
0.21363093760499308
0.49516832711881414
0.2940738859093161
0.4998004778753037
0.1466316502292788
0.43814540348860687
0.9097964330156317
0.9486496937222079
0.9554023891479719
0.4479544099643614
0.7697682710223683
0.49533107294483625
0.02934298386301053
0.16752978561796703
0.6731068811719804
0.907351857473772
0.8626685616852103
0.8705162433304434
0.766501654762077
0.5933115862278787
0.7878297319579076
0.054305016554102775
0.7044132248053389
0.07306930333053195
0.07578107625049589
0.6525485420844278
0.3833468129780827
0.9098857226361919
0.4493403464785499
0.06320326498858783
0.25727466319560754
0.01526432857628182
0.5475703815685448
0.015403022531142002
0.8785996809036469
0.6248369475942277
0.6345782161851312
0.35607942350026195
0.6268707689022975
0.8170129409139105
0.5364979400935107
0.9208791516352813
0.21590153417359179
0.6570848555569933
0.6251673463849199
0.18759069134834722
0.8367494916714493
0.24870652204784868
0.010516058192828697
0.7433900468719146
0.15651777626784416
0.5942657336565972
0.8241855664291352
0.08681497447510016
0.09927600300837122
0.531782561695102
0.6695144095781792
0.5286817804578141
0.5546841544819456
0.5765843780602256
0.653642058211212
0.7620723558413202
0.15008462506816006
0.4722935205662127
0.8372001563372091
0.8230275594736578
0.6241920737662315
0.7961837890540174
0.4609426308707067
0.0627970439674319
0.4299179606278976
0.6311642730753703
0.9779375777477107
0.19686920577514413
0.7807414628475632
0.9217660789945005
0.12248966056969467
0.6837251948582591
0.36934998276147524
0.6651602721145191
0.3486934287234644
0.4904565552670772
0.10332437376646529
0.5727498929820721
0.20745134968657575
0.6348341822786416
0.65810155712911
0.7128706689518274
0.21733307336332885
0.7169640174680222
0.014241585048959397
0.35831991786058986
0.28285948293416735
0.019329674550951307
0.8738401778386161
0.6318689336217329
0.8211673804657382
0.360163487661706
0.2677371302935002
0.8579488428579405
0.5462019134062351
0.015558618593755466
0.49370270524812054
0.6613671051624078
0.5969364645876626
0.7111603248450721
0.4715796711256633
0.8395326090229361
0.024559848487637866
0.7773735317296225
0.31694777976579397
0.9413345236989364
0.009339808025089935
0.9741534776865288
0.5974994774896183
0.17371816801546056
0.681249835845665
0.7659910580916288
0.011713346006215245
0.8662063264596306
0.3297288070105616
0.7520594265088716
0.8627813346045005
0.7658906978396189
0.3249585904762887
0.5790301349847717
0.7594786890593724
0.5583270208716052
0.8022397890697419
0.24413489515154385
0.17518281199745034
0.2975212411477795
0.4394999707301613
0.6760080618206449
0.6674950195790711
0.5887940654478939
0.8618579827537098
0.2471161416019854
0.280991904568389
0.6309400809141529
0.20993992416650983
0.4603054665309868
0.3539759862953685
0.2744016662586488
0.8688048091106139
0.0024267220880960683
0.7859181346306197
0.9260887368238013
0.7733997976283542
0.5303987397488201
0.4116189584190114
0.07983414832494881
0.7725308974145589
0.9267928464928609
0.6073710055124811
0.08448964826971742
0.017518469140640678
0.4329108467478821
0.9326012916549115
0.22990884409747497
0.07794274626203941
0.9837364260962869
0.6581134002926357
0.9119187183267989
0.6178989185103676
0.02712340374808917
0.8630467941346797
0.227469021560377
0.07184536525599908
0.5050538575765927
0.440184289794501
0.17735857617918335
0.8655898435346735
0.9685002872573679
0.5843279345819391
0.7995965186504631
0.8186889583331947
0.705322706003358
0.3587197984376549
0.003652341665538187
0.38490637270030864
0.12140597408702876
0.4702064806922369
0.7603209944257144
0.714953312983249
0.22033130946584573
0.10831819246910428
0.5038608282356806
0.3889401570842323
0.9172201146917511
0.7184676242612618
0.2853609590257336
0.06163834550494251
0.955672901568782
0.9944566665191468
0.8331941872989732
0.4947059338422054
0.5226300859463541
0.8438545003737576
0.6625877817452829
0.11284779296854874
0.6328564223986382
0.41789125391183946
0.4983044962856474
0.003669072875598945
0.6661078201914709
0.2741339580501122
0.36943294823608963
0.05956100395860197
0.04179353222334456
0.42389607775206495
0.4213787789556099
0.11313790693559586
0.5088018665596852
0.43297126862824487
0.9481118349116816
0.9156093606332361
0.6465241627984327
0.13160415325854166
0.8710038163098525
0.96114071968996
0.892075829157641
0.11846065247359716
0.9681861237474653
0.304181823648597
0.38391006197031124
0.3764115350211093
0.3486690997838364
0.08156006693912674
0.7800450459029735
0.21708649127608468
0.572658877155119
0.677748346085543
0.9164526597207657
0.8198519269096907
0.2513355711714065
0.19694467782831968
0.049200260568969076
0.9087793826632106
0.8550844205799906
0.40385668790147483
0.6193535600879013
0.47528439735774153
0.10486639156232885
0.4894429880610867
0.06830034268475153
0.923859502619067
0.306660518658655
0.04333709601468271
0.3665727187723726
0.9876844072657099
0.011832914786335507
0.8757988139408635
0.5506659040929125
0.04185008958068215
0.37445558252486194
0.47497549535472666
0.9131504268912367
0.31922476101630587
0.21055840105310009
0.855046499453041
0.7665163072601502
0.839576121344965
0.7558714448268858
0.9313732054696293
0.5894643280606086
0.12696171464722683
0.8455380759413997
0.9584423471048672
0.5405277915022
0.650591777474895
0.49600402056053466
0.3395735609063755
0.2128381534539341
0.17084510027004643
0.39360023867040883
0.2392113335613214
0.4248831651289403
0.011356322100086289
0.8657055361502364
0.912946077023142
0.8847165279484897
0.4306852302656906
0.5266650754616898
0.6599232846218736
0.33064463982854253
0.14446159831455982
0.9660828728070868
0.9548432687087186
0.050817187433511574
0.08446919502898548
0.6737608521588896
0.8986422344570245
0.48003451921047385
0.9401643704344352
0.3425738915533637
0.6393953373839125
0.3174354114185252
0.1369597111535071
0.8818653569937988
0.5110549947764049
0.301297207037591
0.9021586807920405
0.5809480718248282
0.9942431598874941
0.24478822911381173
0.15576671583380863
0.9711930188216237
0.8410673350286983
0.8186998273333068
0.8879979908876112
0.5822328480809149
0.5874776959360939
0.7376355979301201
0.4414944115288064
0.1965745646490597
0.8287080567463805
0.09630973641588807
0.6777399418306257
0.7752023473266523
0.8258515190453508
0.08648059521172223
0.4793637234155851
0.666099445738876
0.13338453328860203
0.7938509815343893
0.2534466484810443
0.6778210209113643
0.13789845730080197
0.6593718545787837
0.06275990561710666
0.8057337067116674
0.9664087029948871
0.43107123506770995
0.01424778300069635
0.46248889270354476
0.0508196684768515
0.12616809044320512
0.5070960789486282
0.763798889594059
0.16793740734827584
0.5240053024720426
0.9571186476187402
0.29311052816599165
0.30864688582189703
0.42821000862317626
0.925614929723374
0.8101238607476111
0.7517275850995107
0.28552276747558397
0.7811529621394132
0.8378346771177997
0.48741831885996195
0.03968507938072322
0.987129151815143
0.6796545571087182
0.9541413262272912
0.25326990208275146
0.7072443048037795
0.6550308371218996
0.10327950776707358
0.8186870412056739
0.6731015437623027
0.8176460130222356
0.17654086471374186
0.1223132438595934
0.7186895481863476
0.015236367944272406
0.07763603938633391
0.828913966114127
0.5570284801335207
0.9776656040817805
0.6258078024842813
0.9517363533152903
0.8328901700828645
0.38508858270248797
0.1838094807154543
0.2859423846406594
0.8336586555622791
0.3010240352251679
0.31096002939667555
0.30521406992581396
0.7328732431553645
0.4005977122115892
0.8457491401795992
0.5057989985243413
0.9637681986036563
0.05211393165034891
0.8788492474140829
0.8193012884907896
0.9967556647009941
0.4724566296080391
0.5785738223132555
0.09023161888599006
0.5228186168348503
0.012493143329626482
0.9722599410322774
0.7728289294861391
0.935817873541181
0.29100060662766947
0.8471955912407467
0.8163019832299566
0.5874321458802708
0.9720758097116257
0.6781338232933235
0.39516809088884297
0.5901035687840095
0.870680552847069
0.5280517006889226
0.9649334787227835
0.6369768938221861
0.6706544694819742
0.6896685835391603
0.2598835426661575
0.8627015901090119
0.4256249621629831
0.47873907325730614
0.16760423554461645
0.924386798368947
0.16892018689258032
0.04158110359757259
0.8536081644024738
0.5924191123770639
0.7880217213127864
0.2810701039997256
0.9452379233880145
0.6137783823599007
0.7732723228508943
0.3879301549810591
0.9421147666601999
0.1228832579790071
0.2989168531722002
0.8955512651687261
0.5301136907795974
0.6208009326927368
0.8012757668277601
0.04181307416493682
0.7523374900931201
0.5361959950701315
0.8460891437000079
0.2202381660324699
0.5428565077217559
0.789325279551244
0.18997341775799795
0.8832322586715372
0.4845714925250837
0.19307486908187851
0.009324659132084185
0.7195460329388949
0.41017560400542596
0.8213765191945138
0.8751581021934552
0.7822235654025448
0.831463720571
0.4107516367969809
0.5027596468584424
0.8813847498415899
0.43349058760026965
0.6763057977316462
0.6715424757783964
0.6143904075093523
0.05957900968360669
0.3444157523775547
0.5955502095611535
0.41237209430540545
0.7377889909491823
0.01957088290693745
0.9278290168977478
0.022287000446713997
0.5776165079221206
0.000648647081408951
0.9018114972402396
0.7458341167056161
0.23399947128910548
0.8291139559955867
0.9182584178253349
0.16922839040366391
0.22155751437952625
0.7171441766978913
0.04217776145887457
0.8816368393048816
0.6703581971443995
0.7102194059222096
0.6575553345761985
0.5325082221685481
0.8656899867885234
0.6516079547124021
0.574894851341329
0.25776649371616844
0.2814598876430932
0.4963316174672598
0.8454947722356276
0.2306369641938419
0.31545720590066967
0.8892595725549662
0.785635931317525
0.1830976536418766
0.32226475902007184
0.30380485034724924
0.0481197862178645
0.7492469636487062
0.5937180438049687
0.6191622301094059
0.2596014487834654
0.12154970370305222
0.8858701371987677
0.8193958996885436
0.5868860653540521
0.7941004055524713
0.44551612038422195
0.7894352976183572
0.03904707172841163
0.26413453941425985
0.30920393546540476
0.7905433670573604
0.6623701330564777
0.45482628022079646
0.26529167092651673
0.7571132619665532
0.8025938718591789
0.19520433721840583
0.799295629746884
0.7616491558782985
0.0373628465632735
0.9573621889377768
0.3863094772148456
0.7033835499097516
0.7673233331960269
0.4032610256240056
0.6080576626621456
0.6251363626798319
0.6668475599339453
0.7069398098191897
0.5373836311220115
0.8066882676476093
0.00971435336848458
0.2691370641203304
0.3866366703932344
0.20251929909108174
0.7418598238108027
0.43805878816082083
0.45405261891617094
0.2623661240853212
0.5874475019925495
0.2301659887797041
0.3997734204864937
0.9918781164995758
0.495504008371152
0.9358686939514562
0.14513924212434293
0.35524238383175916
0.5587450603762386
0.8282297434416738
0.05729802421168332
0.007892925761590211
0.6564032750466854
0.16984370964106346
0.5632279373534154
0.17194309885238443
0.8476624120248772
0.6621589021115373
0.904667788606448
0.7515231085715457
0.848885761969204
0.22300141641078583
0.9848056160774108
0.6279894130434792
0.6180650217542728
0.8188206240622423
0.9182286141059495
0.6683172786926466
0.40850298731052453
0.7097077279862518
0.05778426493414876
0.18014074823825654
0.6255556403778287
0.71364783016669
0.2790816115583673
0.5246454614795025
0.7162710859981697
0.3681423712373443
0.3688333860453374
0.9827192639851566
0.5626697985281561
0.7913038627204038
0.444020741825933
0.6566078684556335
0.6084451338315593
0.13736430701676958
0.6819080308461134
0.8282744306271311
0.8083555501924621
0.0317320847100262
0.3211477214103321
0.5297537434519053
0.5711661961726687
0.5902590740426719
0.48425743518595465
0.9147131703396855
0.5842538990938355
0.5552820700943852
0.6257520763323419
0.015146917670567948
0.57424528923549
0.3405761808811576
0.06387206961581114
0.4978740329378629
0.7688715866621917
0.42475703145598853
0.8914276807994711
0.22503119671020247
0.09932310837289463
0.32348242324007787
0.7690873959889111
0.051864385629009635
0.6847292667649357
0.24478651827424136
0.12701263517467892
0.7013593808288496
0.7471135904766217
0.7381151405806258
0.5011677385778948
0.1261822786769747
0.7455577239140672
0.5886658237262935
0.7064993678156749
0.13487487804837286
0.8420753590027221
0.7605587587508181
0.7110583249996688
0.7572682694332992
0.40780436545973847
0.9679702818244558
0.6765266236274161
0.38296330598320966
0.4642836598047445
0.21547033834060203
0.4099764904985095
0.47487580844893856
0.2377126013104397
0.2356902245598334
0.24560417711995736
0.8694048551234439
0.08740005972208457
0.9328037490755337
0.6326107124949856
0.2882449032218405
0.5320884494726027
0.8105702860330093
0.254797356787509
0.37917552766351753
0.8030934407390158
0.591458500638352
0.6430202287822124
0.24098514264495352
0.23729243373372239
0.1739337626723264
0.3047492337900909
0.9203723100574558
0.6974151356599364
0.45618503655129344
0.10190931758932271
0.7899007237469315
0.8614640146780126
0.6256946933575416
0.05071126020080934
0.3041501950026258
0.8523274091316049
0.06676527488360427
0.12397496873697963
0.6472995624166445
0.16374553654517304
0.07123271472343835
0.2082363568284718
0.8284492161257422
0.7459754253486057
0.6089738340158825
0.02322830493712253
0.3981210782183898
0.22096161647744553
0.7018881364268661
0.6339089263388463
0.10732497698968509
0.8108882656371632
0.5990805638018439
0.7470358175910244
0.430986252348398
0.5859432195247818
0.9476905530075033
0.8351243971079236
0.9357421928717485
0.019035595478040908
0.9312531994335601
0.5725228798447749
0.39204155113177447
0.042349871733388805
0.774294223065625
0.5630070639601942
0.4597239789831098
0.5809147691265283
0.4345247095611527
0.056793594293665886
0.5299392936425
0.6897082494989542
0.9265493289225499
0.5145712012958579
0.3981801794833411
0.21427657651448462
0.3464214789431642
0.3057965977610073
0.5234185692497616
0.09589338074247045
0.6800501387007768
0.6026811439556448
0.2619864625213605
0.20647559650543873
0.23535046690858458
0.5352973325808055
0.7422686855971202
0.30979883079873344
0.7889492343128423
0.8697810959395864
0.41087945662945485
0.6510275712474378
0.8203899556865869
0.2939852244658327
0.009667597249926812
0.4833069795199237
0.9404047913571842
0.3833283401948066
0.599413654114778
0.3452847070737205
0.20007178802046544
0.6065412599623861
0.13895618782330127
0.43664874622442235
0.7554777938665254
0.31528151469085436
0.9364174091892398
0.3673962435533275
0.8286654007754594
0.3793908331447238
0.42173266337333837
0.06087331569794254
0.09781693532029956
0.009231928274609115
0.16101851135539752
0.23812035016628
0.08872524466771876
0.20518713034930972
0.5800997808482963
0.7370167173151936
0.039967916458830195
0.740771923559146
0.15371925856625626
0.5595787230690842
0.8395986220983782
0.13404160744233132
0.8372962832624541
0.4386327920661461
0.10133625571678219
0.1584498319581383
0.06632572043050347
0.7363832754718062
0.39371085464661515
0.09833404566083757
0.7003054216971181
0.03322246346307102
0.369943423834603
0.6391243881728148
0.7635920204983987
0.691088516586967
0.12469827715526255
0.80394414849763
0.8893037996670714
0.5289610044699912
0.24760212714206525
0.4489508766908901
0.5173845437901954
0.6820274818139279
0.8358868466857294
0.7502322470537537
0.1533762324384303
0.794338592698024
0.4487274756882002
0.7626838915807586
0.4281657978092161
0.1825637794949877
0.3494419722582409
0.07122774425485533
0.12469769135336284
0.7940985759692726
0.4147663155639387
0.9774656831181914
0.26573616744286205
0.22776621218201062
0.06672814305253706
0.49990028399038144
0.8240730263404888
0.19535370459563736
0.3097131388772806
0.34872511045482246
0.02293141420135806
0.4082784822249219
0.9364507542627168
0.9278268934822766
0.9865987566237332
0.7653025750840561
0.44037943772989296
0.4572099263114901
0.3272315172139702
0.7801098151971166
0.30566401793885234
0.2951494982909176
0.5776177754521453
0.021952024205565464
0.9476708229387509
0.5035211315860605
0.6796585669180651
0.021534191920205108
0.9251636028872633
0.22467372623489879
0.09131682994371132
0.761960863956232
0.2762405123916643
0.7742917667023334
0.5217229661167241
0.597891523781182
0.7628401903262549
0.05507881336616297
0.7096162451010273
0.5202314129659121
0.5293577180846397
0.9151678485400825
0.226030413166634
0.8931540916176299
0.2408178175058299
0.4250588204828365
0.963595855032837
0.15553553689063318
0.08576852087200085
0.5115302957182426
0.28968013650257146
0.654054198718655
0.6889178644348485
0.6425475564983429
0.2967820676494306
0.0162109839805453
0.4580077610248736
0.736439545050468
0.3394336632170871
0.8615776895832167
0.5362288251222246
0.3978638292280323
0.8973778355388798
0.22928190195433884
0.5409261465728871
0.34574545051238753
0.9437867616972825
0.2241038462259359
0.5133435193045733
0.7645289519636561
0.43809565316797033
0.0736427940771183
0.7144400541272201
0.593989716188046
0.18515997248942032
0.9836576296871796
0.3337821524281903
0.8766358605942856
0.6189090081578629
0.0037001092004124584
0.18773533133218778
0.2677137000801571
0.46415724720068147
0.09085370185359087
0.9781670533018965
0.05366484497378806
0.9450494744559049
0.4465171803936908
